0 352 373 36 59 1034 367 43 89 175 265 100 290 610 300 86 231 
1 352 373 36 59 1034 367 43 89 175 265 100 291 610 300 86 232 
2 352 373 36 59 1034 366 43 89 175 265 100 291 610 300 86 231 
3 354 377 33 54 1036 368 42 89 167 265 96 291 604 301 84 231 
4 351 377 35 55 1037 369 41 87 152 269 101 293 585 297 96 238 
5 1036 368 44 91 138 279 117 299 577 296 103 243 
6 1035 368 46 93 571 299 105 239 114 286 137 289 
7 1035 369 46 93 556 317 116 227 100 295 148 275 
8 1036 370 46 92 88 302 150 267 552 320 120 225 
9 1039 397 36 70 77 299 155 274 545 322 124 224 
10 1039 398 35 69 536 319 123 231 70 299 148 276 
11 1040 398 35 69 528 309 112 247 62 294 144 281 
12 1040 398 35 71 523 321 89 223 51 287 125 292 
13 348 377 37 58 1040 370 41 89 525 303 80 230 46 279 115 302 
14 348 373 36 55 1040 369 38 87 508 292 87 239 37 265 107 298 
15 347 373 38 57 1039 367 37 88 499 298 86 232 30 268 101 287 
16 345 371 40 61 1040 368 37 86 492 299 85 228 16 264 111 299 
17 344 371 40 61 1041 369 37 85 12 263 112 294 478 302 88 224 
18 346 374 38 56 1041 369 36 85 2 269 106 279 471 300 90 224 
19 349 375 36 51 1041 367 37 87 0 268 111 265 445 296 110 228 
20 346 374 38 53 1042 367 37 88 0 267 106 266 440 300 115 220 
21 1042 366 37 89 0 276 106 256 434 305 108 210 
22 1042 366 37 90 0 250 99 280 424 307 108 213 
23 1042 368 37 87 420 305 97 216 
24 1042 369 37 87 411 305 94 220 
